"A57 Intra-SIMD dyn." "A57 intra dyn."
1 A57 char yes intra 32768 3277 0.50 2.50 10000 5405.07 60.62 6.06 540.51 450.00 0.2486 1.34 0.0000 0.00 41.0042068965517 41.0042068965517 164.940494354593
2 A57 char yes intra 32768 6554 0.50 2.50 10000 7554.81 43.37 8.68 755.48 450.00 0.2456 1.86 0.0000 0.00 28.3103277387855 28.3103277387855 115.270064083003
3 A57 char yes intra 32768 9830 0.50 2.50 10000 8994.61 36.43 10.93 899.46 450.00 0.2409 2.17 0.0000 0.00 22.0427175991862 22.0427175991862 91.5015259409969
4 A57 char yes intra 32768 13107 0.50 2.50 10000 9690.31 33.82 13.53 969.03 450.00 0.2435 2.36 0.0000 0.00 18.0025028610666 18.0025028610666 73.9322499427787
5 A57 char yes intra 32768 16384 0.50 2.50 10000 10069.03 32.54 16.27 1006.90 450.00 0.2433 2.45 0.0000 0.00 14.9523175048828 14.9523175048828 61.456298828125
6 A57 char yes intra 32768 19661 0.50 2.50 10000 9637.86 34.00 20.40 963.79 450.00 0.2465 2.38 0.0000 0.00 12.0835275418341 12.0835275418341 49.0203957072377
7 A57 char yes intra 32768 22938 0.50 2.50 10000 8710.76 37.62 26.33 871.08 450.00 0.2464 2.15 0.0000 0.00 9.35714151190165 9.35714151190165 37.9754119801203
8 A57 char yes intra 32768 26214 0.50 2.50 10000 7510.15 43.63 34.90 751.02 450.00 0.2498 1.88 0.0000 0.00 7.15666422522316 7.15666422522316 28.6495765621424
9 A57 char yes intra 32768 29491 0.50 2.50 10000 6243.89 52.48 47.23 624.39 450.00 0.2539 1.59 0.0000 0.00 5.37562717439219 5.37562717439219 21.1722220338408


"A57 Inter-SIMD dyn." "A57 inter dyn."
1 A57 char yes inter 32768 3277 0.50 2.50 10000 4421.28 74.11 7.41 7074.04 450.00 0.2631 1.16 0.0000 0.00 35.4970232682331 35.4970232682331 134.918370460787
2 A57 char yes inter 32768 6554 0.50 2.50 10000 5865.81 55.86 11.17 9385.30 450.00 0.2626 1.54 0.0000 0.00 23.5026298825145 23.5026298825145 89.4997329874885
3 A57 char yes inter 32768 9830 0.50 2.50 10000 6670.37 49.12 14.74 10672.60 450.00 0.2622 1.75 0.0000 0.00 17.7921904883011 17.7921904883011 67.8573245167854
4 A57 char yes inter 32768 13107 0.50 2.50 10000 7545.21 43.43 17.37 12072.34 450.00 0.2579 1.95 0.0000 0.00 14.8463439669642 14.8463439669642 57.5662813763638
5 A57 char yes inter 32768 16384 0.50 2.50 10000 7583.28 43.21 21.61 12133.25 450.00 0.2614 1.98 0.0000 0.00 12.098814201355 12.098814201355 46.2846755981445
6 A57 char yes inter 32768 19661 0.50 2.50 10000 7423.46 44.14 26.48 11877.54 450.00 0.2626 1.95 0.0000 0.00 9.91506664208331 9.91506664208331 37.7572987131886
7 A57 char yes inter 32768 22938 0.50 2.50 10000 7161.61 45.76 32.03 11458.57 450.00 0.2625 1.88 0.0000 0.00 8.19566501275177 8.19566501275177 31.2215810009591
8 A57 char yes inter 32768 26214 0.50 2.50 10000 6837.47 47.92 38.34 10939.96 450.00 0.2582 1.77 0.0000 0.00 6.73470681696803 6.73470681696803 26.0832951857786
9 A57 char yes inter 32768 29491 0.50 2.50 10000 5676.45 57.73 51.95 9082.31 450.00 0.2576 1.46 0.0000 0.00 4.9582988369333 4.9582988369333 19.2480544912007


"A7 Intra-SIMD dyn." "A7 intra dyn."
1 A07 char yes intra 32768 3277 0.50 2.50 30000 21584.45 45.54 4.55 719.48 450.00 0.1270 2.74 0.0721 1.56 27.8834177601465 43.7132950869698 219.554470552334
2 A07 char yes intra 32768 6554 0.50 2.50 30000 25785.98 38.12 7.63 859.53 450.00 0.1343 3.46 0.0597 1.54 17.6128896856881 25.4422978333842 131.145865120537
3 A07 char yes intra 32768 9830 0.50 2.50 30000 31343.00 31.36 9.41 1044.77 450.00 0.1294 4.06 0.0646 2.02 13.7531269582909 20.6190620549339 106.283825025432
4 A07 char yes intra 32768 13107 0.50 2.50 30000 33730.93 29.14 11.66 1124.36 450.00 0.1291 4.36 0.0628 2.12 11.0746071564813 16.4617901884489 85.7831692988479
5 A07 char yes intra 32768 16384 0.50 2.50 30000 33761.41 29.12 14.56 1125.38 450.00 0.1314 4.44 0.0592 2.00 9.02556958007813 13.0918840332031 68.687744140625
6 A07 char yes intra 32768 19661 0.50 2.50 30000 33297.54 29.52 17.71 1109.92 450.00 0.1316 4.38 0.0591 1.97 7.42919851482631 10.7655635013478 56.4528762524795
7 A07 char yes intra 32768 22938 0.50 2.50 30000 31033.51 31.68 22.17 1034.45 450.00 0.1315 4.08 0.0640 1.99 5.93034157293574 8.81659146394629 45.0976545470399
8 A07 char yes intra 32768 26214 0.50 2.50 30000 27625.05 35.59 28.47 920.84 450.00 0.1299 3.59 0.0649 1.79 4.56310048065919 6.84289433127337 35.1277943083848
9 A07 char yes intra 32768 29491 0.50 2.50 30000 21868.70 44.95 40.46 728.96 450.00 0.1330 2.91 0.0629 1.38 3.28750059340138 4.84226591163406 24.7180495744464


"A7 Inter-SIMD dyn." "A7 inter dyn."
1 A07 char yes inter 32768 3277 0.50 2.50 30000 26002.84 37.81 3.78 13868.18 450.00 0.1104 2.87 0.1010 2.63 29.2006231309124 55.9149613213305 264.498397924931
2 A07 char yes inter 32768 6554 0.50 2.50 30000 31411.92 31.30 6.26 16753.02 450.00 0.1131 3.55 0.0983 3.09 18.0687992256637 33.7731578806835 159.759498016478
3 A07 char yes inter 32768 9830 0.50 2.50 30000 34491.81 28.50 8.55 18395.63 450.00 0.1145 3.95 0.0945 3.26 13.392037353764 24.4448542090539 116.961024923703
4 A07 char yes inter 32768 13107 0.50 2.50 30000 36011.14 27.30 10.92 19205.94 450.00 0.1163 4.19 0.0933 3.36 10.6510396257725 19.1956827649348 91.5824559395743
5 A07 char yes inter 32768 16384 0.50 2.50 30000 36162.34 27.18 13.59 19286.58 450.00 0.1184 4.28 0.0921 3.33 8.71097973632813 15.4870036697388 73.5724639892578
6 A07 char yes inter 32768 19661 0.50 2.50 30000 36152.08 27.19 16.32 19281.11 450.00 0.1175 4.25 0.0920 3.33 7.20185400348405 12.8407524572758 61.2923744977366
7 A07 char yes inter 32768 22938 0.50 2.50 30000 35020.09 28.07 19.65 18677.38 450.00 0.1181 4.14 0.0933 3.27 6.01021933581829 10.758343502049 50.8909342575639
8 A07 char yes inter 32768 26214 0.50 2.50 30000 33134.20 29.67 23.73 17671.58 450.00 0.1166 3.86 0.0950 3.15 4.91270463302052 8.91533705271992 42.132972838941
9 A07 char yes inter 32768 29491 0.50 2.50 30000 28285.70 34.75 31.28 15085.71 450.00 0.1158 3.28 0.0981 2.77 3.70224224763487 6.83859772684887 31.9710038655861


"A53 Intra-SIMD dyn." "A53 intra dyn."
1 A53 char yes intra 32768 3277 0.50 2.50 10000 7932.31 41.31 4.13 793.23 450.00 0.0847 0.67 0.0000 0.00 20.5024659749771 20.5024659749771 242.059810802563
2 A53 char yes intra 32768 6554 0.50 2.50 10000 11099.88 29.52 5.90 1109.99 450.00 0.0838 0.93 0.0000 0.00 14.1924263045468 14.1924263045468 169.360695758316
3 A53 char yes intra 32768 9830 0.50 2.50 10000 12843.13 25.51 7.65 1284.31 450.00 0.0828 1.06 0.0000 0.00 10.8179926754832 10.8179926754832 130.652085452696
4 A53 char yes intra 32768 13107 0.50 2.50 10000 14009.59 23.39 9.36 1400.96 450.00 0.0817 1.14 0.0000 0.00 8.73261860074769 8.73261860074769 106.886396581979
5 A53 char yes intra 32768 16384 0.50 2.50 10000 14456.96 22.67 11.33 1445.70 450.00 0.0824 1.19 0.0000 0.00 7.2708544921875 7.2708544921875 88.238525390625
6 A53 char yes intra 32768 19661 0.50 2.50 10000 14056.31 23.31 13.99 1405.63 450.00 0.0830 1.17 0.0000 0.00 5.93394486546971 5.93394486546971 71.4933116321652
7 A53 char yes intra 32768 22938 0.50 2.50 10000 12866.72 25.47 17.83 1286.67 450.00 0.0837 1.08 0.0000 0.00 4.69501608684279 4.69501608684279 56.0933821606069
8 A53 char yes intra 32768 26214 0.50 2.50 10000 11107.03 29.50 23.60 1110.70 450.00 0.0854 0.95 0.0000 0.00 3.61843976501106 3.61843976501106 42.3704890516518
9 A53 char yes intra 32768 29491 0.50 2.50 10000 9567.37 34.25 30.82 956.74 450.00 0.0856 0.82 0.0000 0.00 2.77701481808009 2.77701481808009 32.441761893459


"A53 Inter-SIMD dyn." "A53 inter dyn."
1 A53 char yes inter 32768 3277 0.50 2.50 10000 8127.57 40.32 4.03 13004.11 450.00 0.0912 0.74 0.0000 0.00 22.6192941714983 22.6192941714983 248.018576441868
2 A53 char yes inter 32768 6554 0.50 2.50 10000 10318.52 31.76 6.35 16509.62 450.00 0.0917 0.95 0.0000 0.00 14.4371009498016 14.4371009498016 157.438396399146
3 A53 char yes inter 32768 9830 0.50 2.50 10000 11047.54 29.66 8.90 17676.06 450.00 0.0908 1.00 0.0000 0.00 10.2046429806714 10.2046429806714 112.385935910478
4 A53 char yes inter 32768 13107 0.50 2.50 10000 12447.32 26.33 10.53 19915.71 450.00 0.0915 1.14 0.0000 0.00 8.6894763532845 8.6894763532845 94.966954680705
5 A53 char yes inter 32768 16384 0.50 2.50 10000 12948.19 25.31 12.65 20717.10 450.00 0.0911 1.18 0.0000 0.00 7.19958423614502 7.19958423614502 79.0294647216797
6 A53 char yes inter 32768 19661 0.50 2.50 10000 12589.60 26.03 15.62 20143.37 450.00 0.0919 1.16 0.0000 0.00 5.88466921507044 5.88466921507044 64.0333973348253
7 A53 char yes inter 32768 22938 0.50 2.50 10000 12210.63 26.84 18.79 19537.00 450.00 0.0922 1.13 0.0000 0.00 4.90809846106897 4.90809846106897 53.2331720289476
8 A53 char yes inter 32768 26214 0.50 2.50 10000 11562.37 28.34 22.67 18499.79 450.00 0.0914 1.06 0.0000 0.00 4.03143550679026 4.03143550679026 44.1076094834821
9 A53 char yes inter 32768 29491 0.50 2.50 10000 9682.42 33.84 30.46 15491.88 450.00 0.0918 0.89 0.0000 0.00 3.01395888576176 3.01395888576176 32.8317961411956
