#"float Thib."
#0.002892755615257203|0|0|0|0|0.9077853991937547
#0.10397675798944112|0|0|0|0|0.8240743309893653
#0.2035612758114398|0|0|0|0|0.7196856730011514
#0.30458904751491667|0|0|0|0|0.5489032450921552
#0.4040985911093061|0|0|0|0|0.3800422956365882
#0.5020961544469089|0|0|0|0|0.24353120734334138
#0.6030239605135735|0|0|0|0|0.13628679593557733
#0.7024522820280529|0|0|0|0|0.07337467970651378
#0.8017431507919152|0|0|0|0|0.025808615404180765
#0.9025022648464592|0|0|0|0|0.0085659021536855
#1.0032676267533036|0|0|0|0|0.002898577214651068
#1.102421042766549|0|0|0|0|0.0006660846290809161
#1.2001249570460155|0|0|0|0|0.00017190722018585764
#1.300677891974634|0|0|0|0|0.00003012947724726992
#1.3999062822154889|0|0|0|0|0.000008733261623828437
#1.499284620911562|0|0|0|0|0.00000402755997985031


#"int-32 Q_{5,3}"
#0.00437974446284084|0|0|0|0|0.9077853991937547
#0.10249601699415822|0|0|0|0|0.840174986929433
#0.2035612758114398|0|0|0|0|0.7196856730011514
#0.3046202867764206|0|0|0|0|0.6046619009070433
#0.4026740807847302|0|0|0|0|0.46117477677082536
#0.5036706132267034|0|0|0|0|0.3193020307691026
#0.6031239261503859|0|0|0|0|0.18574090746385707
#0.7025522476648652|0|0|0|0|0.1
#0.8033675923901159|0|0|0|0|0.039503780135666446
#0.9026084783355722|0|0|0|0|0.011902282447787156
#1.0033988316516198|0|0|0|0|0.00435166507092442
#1.1026397175970764|0|0|0|0|0.0013111339374215656
#1.2017493986442163|0|0|0|0|0.00026312860738959473
#1.300865327543657|0|0|0|0|0.000053838436220335
#1.4000187435569025|0|0|0|0|0.000012371916345321644
#1.5008778232482585|0|0|0|0|0.000005596276445319564


"float (ref)"
# ------|----------|----------|----------|----------|----------||------|-------|------|---------|---------|----------||----------|----------
#   SNR |      FRA |       BE |       FE |      BER |      FER ||   LD |   DEC |   ST |    CTHR |    ITHR |  LATENCY || SIM_CTHR |    ET/RT 
#  (dB) |          |          |          |          |          ||  (%) |   (%) |  (%) |  (Mb/s) |  (Mb/s) |     (us) ||   (Mb/s) | (hhmmss) 
# ------|----------|----------|----------|----------|----------||------|-------|------|---------|---------|----------||----------|----------
   0.00 |      168 |    19484 |      146 | 1.13e-01 | 8.69e-01 ||  2.1 |  97.0 |  0.9 |   10.96 |    3.65 |  1121.36 ||     7.90 | 00h00'00
#  0.10 |      236 |    22885 |      187 | 9.47e-02 | 7.92e-01 ||  2.2 |  96.8 |  0.9 |   11.17 |    3.72 |  1099.65 ||    27.77 | 00h00'00
   0.20 |      312 |    18340 |      174 | 5.74e-02 | 5.58e-01 ||  2.1 |  97.0 |  0.9 |   10.52 |    3.51 |  1168.20 ||    37.69 | 00h00'00
#  0.30 |      300 |    13129 |      148 | 4.27e-02 | 4.93e-01 ||  2.1 |  97.0 |  0.9 |   10.65 |    3.55 |  1153.87 ||    37.61 | 00h00'00
   0.40 |      464 |    10325 |      126 | 2.17e-02 | 2.72e-01 ||  2.1 |  97.0 |  0.9 |   11.50 |    3.83 |  1068.41 ||    68.76 | 00h00'00
#  0.50 |      664 |    10379 |      127 | 1.53e-02 | 1.91e-01 ||  2.0 |  97.0 |  0.9 |   11.15 |    3.72 |  1101.96 ||    92.06 | 00h00'00
   0.60 |     1536 |     7530 |      118 | 4.79e-03 | 7.68e-02 ||  2.0 |  97.1 |  0.9 |   10.70 |    3.57 |  1148.23 ||   157.37 | 00h00'00
#  0.70 |     3676 |     7160 |      111 | 1.90e-03 | 3.02e-02 ||  1.9 |  97.3 |  0.8 |    9.88 |    3.29 |  1244.12 ||   230.16 | 00h00'00
   0.80 |     7704 |     4932 |      103 | 6.25e-04 | 1.34e-02 ||  1.9 |  97.3 |  0.8 |   10.00 |    3.33 |  1229.35 ||   266.74 | 00h00'00
#  0.90 |    29756 |     3939 |      100 | 1.29e-04 | 3.36e-03 ||  2.1 |  97.1 |  0.8 |    9.86 |    3.29 |  1246.52 ||   322.15 | 00h00'00
   1.00 |   100884 |     3788 |      100 | 3.67e-05 | 9.91e-04 ||  1.9 |  97.2 |  0.8 |    9.76 |    3.25 |  1258.46 ||   341.07 | 00h00'00
#  1.10 |   504092 |     3437 |      100 | 6.66e-06 | 1.98e-04 ||  1.9 |  97.3 |  0.8 |    9.75 |    3.25 |  1260.49 ||   346.54 | 00h00'04
   1.20 |  2113968 |     2139 |      100 | 9.88e-07 | 4.73e-05 ||  1.9 |  97.2 |  0.8 |    9.70 |    3.23 |  1266.42 ||   344.17 | 00h00'18
#  1.30 |  7062540 |     1398 |      100 | 1.93e-07 | 1.42e-05 ||  1.9 |  97.2 |  0.8 |    9.71 |    3.24 |  1265.94 ||   344.58 | 00h01'02
   1.40 | 18549916 |      472 |      100 | 2.48e-08 | 5.39e-06 ||  1.9 |  97.2 |  0.8 |    9.92 |    3.31 |  1239.23 ||   351.13 | 00h02'42
#  1.50 | 23351388 |      319 |      100 | 1.33e-08 | 4.28e-06 ||  2.0 |  97.2 |  0.8 |   10.02 |    3.34 |  1226.88 ||   353.05 | 00h03'23
   1.60 | 45774572 |      244 |      100 | 5.21e-09 | 2.18e-06 ||  2.0 |  97.2 |  0.8 |    9.95 |    3.32 |  1234.80 ||   351.77 | 00h06'39
#  1.70 | 71532688 |      210 |      100 | 2.87e-09 | 1.40e-06 ||  2.0 |  97.2 |  0.8 |    9.87 |    3.29 |  1245.32 ||   347.88 | 00h10'31
   1.80 | 1.06e+08 |      247 |      100 | 2.29e-09 | 9.48e-07 ||  2.0 |  97.2 |  0.8 |   10.00 |    3.33 |  1229.25 ||   352.81 | 00h15'18
#  1.90 | 1.40e+08 |      214 |      100 | 1.50e-09 | 7.17e-07 ||  2.0 |  97.2 |  0.8 |    9.96 |    3.32 |  1234.11 ||   351.89 | 00h20'18
   2.00 | 2.31e+08 |      191 |      100 | 8.07e-10 | 4.33e-07 ||  2.0 |  97.2 |  0.8 |   10.01 |    3.34 |  1226.96 ||   353.18 | 00h33'30
#  2.10 | 3.57e+08 |      198 |      100 | 5.42e-10 | 2.80e-07 ||  2.0 |  97.2 |  0.8 |    9.96 |    3.32 |  1233.13 ||   351.22 | 00h51'58
#  2.20 | 5.14e+08 |      186 |      100 | 3.53e-10 | 1.95e-07 ||  2.0 |  97.2 |  0.8 |   10.02 |    3.34 |  1226.86 ||   353.12 | 01h14'32
#  2.30 | 6.41e+08 |      181 |      100 | 2.76e-10 | 1.56e-07 ||  1.9 |  97.2 |  0.8 |    9.87 |    3.29 |  1245.38 ||   349.95 | 01h33'44
#  2.40 | 1.07e+09 |      188 |      100 | 1.72e-10 | 9.38e-08 ||  1.9 |  97.2 |  0.8 |    9.91 |    3.30 |  1239.64 ||   351.09 | 02h35'31
#  2.50 | 1.60e+09 |      175 |      100 | 1.07e-10 | 6.27e-08 ||  1.9 |  97.2 |  0.8 |    9.87 |    3.29 |  1244.78 ||   350.33 | 03h53'11


#"int-16 Q_{6,4}"
## -----|-----------|---------|------|----------|----------||-----------|-----------|------------|---------|---------|----------|----------
##  SNR |       FRA |      BE |   FE |      BER |      FER ||      LOAD |     STORE |     DECODE |    CTHR |    ITHR |  LATENCY |    ET/RT 
## (dB) |           |         |      |          |          ||      (ms) |      (ms) |       (ms) |  (Mb/s) |  (Mb/s) |     (us) | (hhmmss) 
## -----|-----------|---------|------|----------|----------||-----------|-----------|------------|---------|---------|----------|----------
#  0.00 |       112 |   15427 |  105 | 1.35e-01 | 9.38e-01 ||      0.53 |      0.10 |       6.49 |   48.34 |   16.11 |  1016.83 | 00h00'00  
#  0.10 |       128 |   13938 |  111 | 1.06e-01 | 8.67e-01 ||      0.62 |      0.14 |       8.85 |   40.91 |   13.64 |  1201.45 | 00h00'00  
#  0.20 |       160 |   11460 |  105 | 6.99e-02 | 6.56e-01 ||      0.89 |      0.15 |      11.99 |   37.70 |   12.57 |  1303.87 | 00h00'00  
#  0.30 |       224 |   11258 |  104 | 4.91e-02 | 4.64e-01 ||      1.07 |      0.20 |      16.53 |   38.64 |   12.88 |  1271.96 | 00h00'00  
#  0.40 |       288 |    7792 |  102 | 2.64e-02 | 3.54e-01 ||      1.19 |      3.45 |      20.43 |   35.30 |   11.77 |  1392.29 | 00h00'00  
#  0.50 |       448 |    6937 |  100 | 1.51e-02 | 2.23e-01 ||      1.93 |      0.39 |      28.60 |   44.50 |   14.83 |  1104.53 | 00h00'00  
#  0.60 |       848 |    6718 |  102 | 7.74e-03 | 1.20e-01 ||      3.54 |      0.78 |      48.72 |   49.13 |   16.38 |  1000.53 | 00h00'00  
#  0.70 |      2496 |    7293 |  101 | 2.85e-03 | 4.05e-02 ||     10.94 |      2.36 |     160.05 |   44.23 |   14.74 |  1111.27 | 00h00'00  
#  0.80 |      5088 |    5187 |  100 | 9.96e-04 | 1.97e-02 ||     18.31 |      3.94 |     258.72 |   55.63 |   18.54 |   883.56 | 00h00'01  
#  0.90 |     16944 |    3874 |  100 | 2.23e-04 | 5.90e-03 ||     71.29 |     14.83 |    1051.21 |   45.77 |   15.26 |  1073.98 | 00h00'03  
#  1.00 |     72288 |    3934 |  100 | 5.31e-05 | 1.38e-03 ||    273.87 |     60.23 |    3993.13 |   51.32 |   17.11 |   957.77 | 00h00'15  
#  1.10 |    314720 |    3981 |  100 | 1.24e-05 | 3.18e-04 ||   1383.99 |    287.88 |   20372.15 |   43.86 |   14.62 |  1120.69 | 00h01'16  
#  1.20 |   1320256 |    2636 |  100 | 1.95e-06 | 7.57e-05 ||   5957.07 |   1236.43 |   84283.43 |   44.34 |   14.78 |  1108.60 | 00h05'24  
#  1.30 |   4751408 |    1319 |  100 | 2.71e-07 | 2.10e-05 ||  20909.38 |   4330.89 |  292079.12 |   46.00 |   15.33 |  1068.55 | 00h19'06  
#  1.40 |  14380288 |     815 |  100 | 5.53e-08 | 6.95e-06 ||  65507.64 |  13571.15 |  935238.31 |   43.55 |   14.52 |  1128.56 | 00h59'38  
#  1.50 |  27937840 |     491 |  100 | 1.72e-08 | 3.58e-06 || 125342.22 |  25950.94 | 1743093.50 |   45.30 |   15.10 |  1084.92 | 01h53'34 
#  1.60 |  35644288 |     315 |  100 | 8.63e-09 | 2.81e-06 || 147782.64 |  31170.64 | 2107226.50 |   47.90 |   15.97 |  1026.22 | 02h16'00
#  1.70 |  63900416 |     248 |  100 | 3.79e-09 | 1.56e-06 || 236074.81 |  51232.82 | 3443112.75 |   52.62 |   17.54 |   934.06 | 03h41'00  
#  1.80 |  83091200 |     207 |  100 | 2.43e-09 | 1.20e-06 || 295974.94 |  64839.14 | 4339659.50 |   54.30 |   18.10 |   905.12 | 04h40'04  
#  1.90 | 113189072 |     230 |  100 | 1.98e-09 | 8.83e-07 || 406503.38 |  88995.80 | 5958545.50 |   53.88 |   17.96 |   912.32 | 06h24'01
#  2.00 | 210827856 |     187 |  100 | 8.66e-10 | 4.74e-07 || 623486.69 | 143125.39 | 9398424.00 |   63.71 |   21.24 |   771.44 | 10h07'20


"int-16 Q_{5,4}"
# ------|----------|----------|----------|----------|----------||------|-------|------|---------|---------|----------||----------|----------
#   SNR |      FRA |       BE |       FE |      BER |      FER ||   LD |   DEC |   ST |    CTHR |    ITHR |  LATENCY || SIM_CTHR |    ET/RT 
#  (dB) |          |          |          |          |          ||  (%) |   (%) |  (%) |  (Mb/s) |  (Mb/s) |     (us) ||   (Mb/s) | (hhmmss) 
# ------|----------|----------|----------|----------|----------||------|-------|------|---------|---------|----------||----------|----------
   0.00 |      264 |    34718 |      241 | 1.28e-01 | 9.13e-01 ||  2.4 |  97.1 |  0.5 |   20.55 |    6.85 |  1195.94 ||    15.89 | 00h00'00
#  0.10 |      248 |    25495 |      206 | 1.00e-01 | 8.31e-01 ||  2.7 |  96.7 |  0.6 |   25.45 |    8.48 |   965.59 ||    67.38 | 00h00'00
   0.20 |      288 |    19479 |      189 | 6.61e-02 | 6.56e-01 ||  2.8 |  96.7 |  0.6 |   26.51 |    8.84 |   927.12 ||   113.01 | 00h00'00
#  0.30 |      280 |    13650 |      142 | 4.76e-02 | 5.07e-01 ||  2.9 |  96.5 |  0.6 |   29.18 |    9.73 |   842.32 ||    98.51 | 00h00'00
   0.40 |      440 |    12409 |      154 | 2.75e-02 | 3.50e-01 ||  2.7 |  96.7 |  0.6 |   24.47 |    8.16 |  1004.48 ||   159.96 | 00h00'00
#  0.50 |      640 |     8953 |      131 | 1.37e-02 | 2.05e-01 ||  2.9 |  96.5 |  0.6 |   29.76 |    9.92 |   825.82 ||   153.80 | 00h00'00
   0.60 |      944 |     6801 |      115 | 7.04e-03 | 1.22e-01 ||  2.8 |  96.6 |  0.6 |   26.83 |    8.94 |   916.03 ||   160.23 | 00h00'00
#  0.70 |     2616 |     6296 |      110 | 2.35e-03 | 4.20e-02 ||  2.5 |  97.0 |  0.5 |   19.78 |    6.59 |  1242.62 ||   194.18 | 00h00'00
   0.80 |     5208 |     5342 |      108 | 1.00e-03 | 2.07e-02 ||  2.5 |  96.9 |  0.5 |   19.16 |    6.39 |  1282.95 ||   196.69 | 00h00'00
#  0.90 |    14776 |     5123 |      102 | 3.39e-04 | 6.90e-03 ||  2.6 |  96.8 |  0.6 |   18.99 |    6.33 |  1294.25 ||   208.53 | 00h00'00
   1.00 |    57344 |     4421 |      101 | 7.53e-05 | 1.76e-03 ||  2.7 |  96.8 |  0.6 |   18.25 |    6.08 |  1346.34 ||   208.39 | 00h00'00
#  1.10 |   212656 |     3851 |      101 | 1.77e-05 | 4.75e-04 ||  2.7 |  96.8 |  0.6 |   18.23 |    6.08 |  1348.45 ||   208.80 | 00h00'03
   1.20 |  1075072 |     2412 |      100 | 2.19e-06 | 9.30e-05 ||  2.7 |  96.7 |  0.6 |   18.52 |    6.17 |  1326.88 ||   210.82 | 00h00'15
#  1.30 |  3962448 |     2262 |      100 | 5.57e-07 | 2.52e-05 ||  2.7 |  96.8 |  0.5 |   18.18 |    6.06 |  1351.64 ||   208.63 | 00h00'58
   1.40 | 10825560 |      766 |      100 | 6.91e-08 | 9.24e-06 ||  2.7 |  96.8 |  0.6 |   18.05 |    6.02 |  1361.28 ||   206.64 | 00h02'40
#  1.50 | 17664096 |      535 |      100 | 2.96e-08 | 5.66e-06 ||  2.6 |  96.8 |  0.6 |   17.70 |    5.90 |  1388.26 ||   203.88 | 00h04'26
   1.60 | 28709232 |      268 |      100 | 9.12e-09 | 3.48e-06 ||  2.6 |  96.8 |  0.6 |   17.87 |    5.96 |  1374.91 ||   205.34 | 00h07'09
#  1.70 | 51800088 |      261 |      100 | 4.92e-09 | 1.93e-06 ||  2.7 |  96.7 |  0.6 |   17.82 |    5.94 |  1379.30 ||   204.50 | 00h12'58
   1.80 | 78474320 |      263 |      100 | 3.27e-09 | 1.27e-06 ||  2.7 |  96.8 |  0.6 |   18.15 |    6.05 |  1354.01 ||   206.49 | 00h19'27
#  1.90 | 97841512 |      251 |      100 | 2.51e-09 | 1.02e-06 ||  2.7 |  96.8 |  0.6 |   17.88 |    5.96 |  1374.69 ||   204.95 | 00h24'26
   2.00 | 1.49e+08 |      217 |      100 | 1.42e-09 | 6.72e-07 ||  2.7 |  96.8 |  0.6 |   18.06 |    6.02 |  1360.71 ||   205.82 | 00h37'01
#  2.10 | 2.29e+08 |      208 |      100 | 8.87e-10 | 4.37e-07 ||  2.7 |  96.7 |  0.6 |   18.00 |    6.00 |  1365.35 ||   205.57 | 00h57'00
#  2.20 | 3.53e+08 |      201 |      100 | 5.56e-10 | 2.83e-07 ||  2.6 |  96.8 |  0.6 |   17.99 |    6.00 |  1366.18 ||   205.91 | 01h27'49
#  2.30 | 4.72e+08 |      192 |      100 | 3.97e-10 | 2.12e-07 ||  2.7 |  96.8 |  0.6 |   17.95 |    5.98 |  1369.23 ||   205.28 | 01h57'39
#  2.40 | 7.09e+08 |      196 |      100 | 2.70e-10 | 1.41e-07 ||  2.6 |  96.8 |  0.6 |   17.53 |    5.84 |  1401.71 ||   203.07 | 02h58'52
#  2.50 | 1.11e+09 |      175 |      100 | 1.54e-10 | 9.00e-08 ||  2.7 |  96.8 |  0.6 |   17.98 |    5.99 |  1367.03 ||   205.59 | 04h36'39


"int-16 Q_{5,3}"
# ------|----------|----------|----------|----------|----------||------|-------|------|---------|---------|----------||----------|----------
#   SNR |      FRA |       BE |       FE |      BER |      FER ||   LD |   DEC |   ST |    CTHR |    ITHR |  LATENCY || SIM_CTHR |    ET/RT 
#  (dB) |          |          |          |          |          ||  (%) |   (%) |  (%) |  (Mb/s) |  (Mb/s) |     (us) ||   (Mb/s) | (hhmmss) 
# ------|----------|----------|----------|----------|----------||------|-------|------|---------|---------|----------||----------|----------
   0.00 |      224 |    33731 |      209 | 1.47e-01 | 9.33e-01 ||  3.1 |  96.3 |  0.6 |   29.81 |    9.94 |   824.54 ||    10.44 | 00h00'00
#  0.10 |      232 |    27976 |      204 | 1.18e-01 | 8.79e-01 ||  2.9 |  96.5 |  0.6 |   27.60 |    9.20 |   890.36 ||    48.19 | 00h00'00
   0.20 |      272 |    25700 |      214 | 9.23e-02 | 7.87e-01 ||  2.8 |  96.6 |  0.6 |   22.87 |    7.62 |  1074.71 ||    65.30 | 00h00'00
#  0.30 |      288 |    20972 |      188 | 7.11e-02 | 6.53e-01 ||  2.8 |  96.6 |  0.6 |   23.34 |    7.78 |  1053.06 ||   108.94 | 00h00'00
   0.40 |      344 |    15991 |      159 | 4.54e-02 | 4.62e-01 ||  3.2 |  96.2 |  0.6 |   35.70 |   11.90 |   688.38 ||   114.02 | 00h00'00
#  0.50 |      392 |    11128 |      125 | 2.77e-02 | 3.19e-01 ||  3.1 |  96.4 |  0.6 |   29.64 |    9.88 |   829.24 ||   109.95 | 00h00'00
   0.60 |      680 |     9870 |      129 | 1.42e-02 | 1.90e-01 ||  2.8 |  96.6 |  0.6 |   24.14 |    8.05 |  1018.09 ||   140.47 | 00h00'00
#  0.70 |     1392 |     8679 |      120 | 6.09e-03 | 8.62e-02 ||  2.4 |  97.0 |  0.5 |   18.90 |    6.30 |  1300.47 ||   177.35 | 00h00'00
   0.80 |     3640 |     6393 |      109 | 1.72e-03 | 2.99e-02 ||  4.7 |  94.9 |  0.4 |   15.89 |    5.30 |  1546.38 ||   201.11 | 00h00'00
#  0.90 |     9304 |     4829 |      102 | 5.07e-04 | 1.10e-02 ||  2.0 |  97.5 |  0.5 |   15.99 |    5.33 |  1537.26 ||   211.63 | 00h00'00
   1.00 |    27776 |     4511 |      100 | 1.59e-04 | 3.60e-03 ||  2.4 |  97.2 |  0.4 |   14.62 |    4.87 |  1680.48 ||   216.12 | 00h00'00
#  1.10 |    93376 |     4394 |      100 | 4.60e-05 | 1.07e-03 ||  2.8 |  96.7 |  0.5 |   14.63 |    4.88 |  1679.35 ||   216.82 | 00h00'01
   1.20 |   593448 |     4120 |      101 | 6.78e-06 | 1.70e-04 ||  2.7 |  96.7 |  0.5 |   14.38 |    4.79 |  1709.04 ||   218.25 | 00h00'08
#  1.30 |  2419656 |     2710 |      100 | 1.09e-06 | 4.13e-05 ||  2.5 |  96.9 |  0.6 |   14.36 |    4.79 |  1711.07 ||   217.81 | 00h00'34
   1.40 |  8657488 |     1143 |      100 | 1.29e-07 | 1.16e-05 ||  2.6 |  96.8 |  0.6 |   14.20 |    4.73 |  1730.44 ||   215.35 | 00h02'03
#  1.50 | 22147992 |      460 |      100 | 2.03e-08 | 4.52e-06 ||  2.5 |  96.9 |  0.6 |   14.14 |    4.71 |  1738.60 ||   213.75 | 00h05'18
   1.60 | 39131000 |      389 |      100 | 9.71e-09 | 2.56e-06 ||  2.6 |  96.9 |  0.6 |   14.13 |    4.71 |  1739.19 ||   214.04 | 00h09'21
#  1.70 | 55398560 |      261 |      100 | 4.60e-09 | 1.81e-06 ||  2.5 |  96.9 |  0.6 |   14.16 |    4.72 |  1735.08 ||   214.14 | 00h13'14
   1.80 | 1.03e+08 |      217 |      100 | 2.05e-09 | 9.69e-07 ||  2.5 |  96.9 |  0.6 |   14.08 |    4.69 |  1745.36 ||   213.43 | 00h24'45
#  1.90 | 1.33e+08 |      212 |      100 | 1.56e-09 | 7.54e-07 ||  2.6 |  96.9 |  0.6 |   14.10 |    4.70 |  1743.52 ||   213.49 | 00h31'49
   2.00 | 1.90e+08 |      225 |      100 | 1.15e-09 | 5.25e-07 ||  2.6 |  96.9 |  0.6 |   14.11 |    4.70 |  1741.39 ||   213.64 | 00h45'37
#  2.10 | 2.19e+08 |      201 |      100 | 8.98e-10 | 4.57e-07 ||  2.6 |  96.9 |  0.6 |   14.12 |    4.71 |  1740.35 ||   213.73 | 00h52'23
#  2.20 | 4.30e+08 |      191 |      100 | 4.34e-10 | 2.33e-07 ||  2.6 |  96.9 |  0.6 |   14.12 |    4.71 |  1740.74 ||   213.67 | 01h42'58
#  2.30 | 6.86e+08 |      185 |      100 | 2.63e-10 | 1.46e-07 ||  2.6 |  96.9 |  0.6 |   14.11 |    4.70 |  1741.18 ||   213.70 | 02h44'25
#  2.40 | 1.05e+09 |      179 |      100 | 1.67e-10 | 9.56e-08 ||  2.6 |  96.9 |  0.6 |   14.14 |    4.71 |  1737.87 ||   213.82 | 04h10'20
#  2.50 | 1.62e+09 |      198 |      100 | 1.19e-10 | 6.17e-08 ||  2.6 |  96.9 |  0.6 |   14.09 |    4.70 |  1744.58 ||   213.16 | 06h29'07


"int-8 Q_{5,4}"
# ------|----------|----------|----------|----------|----------||------|-------|------|---------|---------|----------||----------|----------
#   SNR |      FRA |       BE |       FE |      BER |      FER ||   LD |   DEC |   ST |    CTHR |    ITHR |  LATENCY || SIM_CTHR |    ET/RT 
#  (dB) |          |          |          |          |          ||  (%) |   (%) |  (%) |  (Mb/s) |  (Mb/s) |     (us) ||   (Mb/s) | (hhmmss) 
# ------|----------|----------|----------|----------|----------||------|-------|------|---------|---------|----------||----------|----------
   0.00 |      432 |    53659 |      401 | 1.21e-01 | 9.28e-01 || 13.5 |  83.5 |  3.0 |   44.03 |   14.68 |  1116.44 ||    52.56 | 00h00'00
#  0.10 |      352 |    29901 |      276 | 8.30e-02 | 7.84e-01 || 13.8 |  83.2 |  3.0 |   59.79 |   19.93 |   822.04 ||   132.41 | 00h00'00
   0.20 |      512 |    38695 |      360 | 7.38e-02 | 7.03e-01 || 13.7 |  83.3 |  3.1 |   48.30 |   16.10 |  1017.53 ||   161.09 | 00h00'00
#  0.30 |      592 |    29576 |      333 | 4.88e-02 | 5.62e-01 || 14.4 |  82.6 |  3.0 |   47.01 |   15.67 |  1045.62 ||   182.73 | 00h00'00
   0.40 |      640 |    19239 |      247 | 2.94e-02 | 3.86e-01 || 13.6 |  83.4 |  3.0 |   44.78 |   14.93 |  1097.57 ||   162.08 | 00h00'00
#  0.50 |      880 |    15052 |      204 | 1.67e-02 | 2.32e-01 || 13.5 |  83.7 |  2.9 |   39.45 |   13.15 |  1246.06 ||   224.14 | 00h00'00
   0.60 |     1280 |     9899 |      151 | 7.55e-03 | 1.18e-01 || 13.6 |  83.4 |  3.0 |   41.33 |   13.78 |  1189.19 ||   239.11 | 00h00'00
#  0.70 |     2560 |     6683 |      127 | 2.55e-03 | 4.96e-02 || 13.8 |  83.2 |  3.0 |   44.69 |   14.90 |  1099.90 ||   274.44 | 00h00'00
   0.80 |     5136 |     4715 |      110 | 8.97e-04 | 2.14e-02 || 13.5 |  83.4 |  3.0 |   37.58 |   12.53 |  1307.83 ||   294.55 | 00h00'00
#  0.90 |    11632 |     5138 |      102 | 4.31e-04 | 8.77e-03 || 12.6 |  84.6 |  2.8 |   35.42 |   11.81 |  1387.76 ||   309.90 | 00h00'00
   1.00 |    52400 |     3165 |      100 | 5.90e-05 | 1.91e-03 || 13.2 |  83.7 |  3.0 |   34.99 |   11.66 |  1404.55 ||   330.79 | 00h00'00
#  1.10 |   206768 |     2950 |      100 | 1.39e-05 | 4.84e-04 || 13.3 |  83.7 |  3.1 |   34.65 |   11.55 |  1418.33 ||   333.00 | 00h00'01
   1.20 |   750048 |     2332 |      100 | 3.04e-06 | 1.33e-04 || 13.3 |  83.6 |  3.1 |   34.71 |   11.57 |  1416.03 ||   334.50 | 00h00'06
#  1.30 |  2654496 |      546 |      100 | 2.01e-07 | 3.77e-05 || 13.3 |  83.6 |  3.1 |   34.53 |   11.51 |  1423.50 ||   334.13 | 00h00'24
   1.40 |  4260480 |      240 |      100 | 5.50e-08 | 2.35e-05 || 13.3 |  83.6 |  3.1 |   34.61 |   11.54 |  1420.11 ||   334.34 | 00h00'39
#  1.50 |  5420864 |      212 |      100 | 3.82e-08 | 1.84e-05 || 13.3 |  83.6 |  3.1 |   34.54 |   11.51 |  1422.97 ||   333.45 | 00h00'49
   1.60 |  7505936 |      136 |      100 | 1.77e-08 | 1.33e-05 || 13.3 |  83.6 |  3.1 |   34.49 |   11.50 |  1424.92 ||   334.07 | 00h01'09
#  1.70 | 11831984 |      139 |      100 | 1.15e-08 | 8.45e-06 || 13.3 |  83.6 |  3.1 |   34.56 |   11.52 |  1422.23 ||   334.27 | 00h01'48
   1.80 |  8858080 |      130 |      100 | 1.43e-08 | 1.13e-05 || 13.3 |  83.7 |  3.1 |   34.52 |   11.51 |  1423.98 ||   334.23 | 00h01'21
#  1.90 | 11574208 |      131 |      100 | 1.11e-08 | 8.64e-06 || 13.3 |  83.6 |  3.1 |   34.63 |   11.54 |  1419.37 ||   334.50 | 00h01'46
   2.00 | 18667520 |      129 |      100 | 6.75e-09 | 5.36e-06 || 13.3 |  83.6 |  3.1 |   34.50 |   11.50 |  1424.74 ||   333.88 | 00h02'51
#  2.10 | 16896704 |      127 |      100 | 7.34e-09 | 5.92e-06 || 13.2 |  83.7 |  3.1 |   34.48 |   11.49 |  1425.51 ||   333.98 | 00h02'35
#  2.20 | 25948336 |      109 |      100 | 4.10e-09 | 3.85e-06 || 13.2 |  83.7 |  3.1 |   34.41 |   11.47 |  1428.25 ||   333.56 | 00h03'58
#  2.30 | 26227888 |      122 |      100 | 4.54e-09 | 3.81e-06 || 13.3 |  83.7 |  3.1 |   34.54 |   11.51 |  1423.24 ||   334.32 | 00h04'01
#  2.40 | 31515040 |      108 |      100 | 3.35e-09 | 3.17e-06 || 13.3 |  83.7 |  3.1 |   34.47 |   11.49 |  1425.88 ||   333.87 | 00h04'49
#  2.50 | 37794496 |      105 |      100 | 2.71e-09 | 2.65e-06 || 13.3 |  83.7 |  3.1 |   34.44 |   11.48 |  1427.06 ||   333.94 | 00h05'47


"int-8 Q_{5,3}"
# ------|----------|----------|----------|----------|----------||------|-------|------|---------|---------|----------||----------|----------
#   SNR |      FRA |       BE |       FE |      BER |      FER ||   LD |   DEC |   ST |    CTHR |    ITHR |  LATENCY || SIM_CTHR |    ET/RT 
#  (dB) |          |          |          |          |          ||  (%) |   (%) |  (%) |  (Mb/s) |  (Mb/s) |     (us) ||   (Mb/s) | (hhmmss) 
# ------|----------|----------|----------|----------|----------||------|-------|------|---------|---------|----------||----------|----------
   0.00 |      560 |    83950 |      555 | 1.46e-01 | 9.91e-01 || 12.9 |  84.1 |  3.0 |   38.41 |   12.80 |  1279.79 ||    60.83 | 00h00'00
#  0.10 |      544 |    70524 |      515 | 1.27e-01 | 9.47e-01 || 13.1 |  83.9 |  3.0 |   39.88 |   13.29 |  1232.50 ||   161.32 | 00h00'00
   0.20 |      560 |    58814 |      498 | 1.03e-01 | 8.89e-01 || 13.3 |  83.7 |  3.0 |   40.85 |   13.62 |  1203.27 ||   164.46 | 00h00'00
#  0.30 |      480 |    38454 |      376 | 7.82e-02 | 7.83e-01 || 13.1 |  84.1 |  2.8 |   45.56 |   15.19 |  1078.80 ||   178.90 | 00h00'00
   0.40 |      576 |    32115 |      356 | 5.44e-02 | 6.18e-01 || 13.1 |  84.0 |  2.9 |   43.53 |   14.51 |  1129.25 ||   171.24 | 00h00'00
#  0.50 |      656 |    22812 |      290 | 3.40e-02 | 4.42e-01 || 13.3 |  83.8 |  2.9 |   38.63 |   12.88 |  1272.24 ||   166.69 | 00h00'00
   0.60 |      752 |    15446 |      223 | 2.01e-02 | 2.97e-01 || 13.0 |  84.0 |  3.0 |   40.88 |   13.63 |  1202.22 ||   194.80 | 00h00'00
#  0.70 |     1168 |     9227 |      162 | 7.71e-03 | 1.39e-01 || 13.0 |  84.0 |  3.0 |   39.52 |   13.17 |  1243.69 ||   245.56 | 00h00'00
   0.80 |     2192 |     5781 |      120 | 2.58e-03 | 5.47e-02 || 12.8 |  84.3 |  2.9 |   38.63 |   12.88 |  1272.47 ||   257.57 | 00h00'00
#  0.90 |     5184 |     4050 |      116 | 7.63e-04 | 2.24e-02 || 13.0 |  84.0 |  3.0 |   38.24 |   12.75 |  1285.37 ||   297.25 | 00h00'00
   1.00 |    13648 |     3198 |      106 | 2.29e-04 | 7.77e-03 || 12.9 |  84.1 |  3.0 |   35.62 |   11.87 |  1379.89 ||   318.75 | 00h00'00
#  1.10 |    53648 |     3824 |      102 | 6.96e-05 | 1.90e-03 || 12.8 |  84.2 |  3.0 |   34.80 |   11.60 |  1412.27 ||   330.62 | 00h00'00
   1.20 |   207280 |     2798 |      100 | 1.32e-05 | 4.82e-04 || 12.9 |  84.1 |  3.1 |   34.70 |   11.57 |  1416.32 ||   334.40 | 00h00'01
#  1.30 |  1129520 |     1740 |      100 | 1.50e-06 | 8.85e-05 || 12.8 |  84.1 |  3.1 |   34.52 |   11.51 |  1423.88 ||   335.15 | 00h00'10
   1.40 |  4571168 |     1190 |      100 | 2.54e-07 | 2.19e-05 || 12.8 |  84.1 |  3.1 |   34.59 |   11.53 |  1421.19 ||   335.35 | 00h00'41
#  1.50 | 10663040 |      593 |      100 | 5.43e-08 | 9.38e-06 || 12.8 |  84.1 |  3.1 |   34.53 |   11.51 |  1423.27 ||   335.38 | 00h01'37
   1.60 | 26357456 |      220 |      100 | 8.15e-09 | 3.79e-06 || 12.8 |  84.1 |  3.1 |   34.53 |   11.51 |  1423.33 ||   335.25 | 00h04'01
#  1.70 | 35681376 |      197 |      100 | 5.39e-09 | 2.80e-06 || 12.8 |  84.1 |  3.1 |   34.50 |   11.50 |  1424.86 ||   335.21 | 00h05'26
   1.80 | 62028224 |      194 |      100 | 3.05e-09 | 1.61e-06 || 12.9 |  84.1 |  3.1 |   34.50 |   11.50 |  1424.77 ||   335.07 | 00h09'28
#  1.90 | 78946672 |      167 |      100 | 2.07e-09 | 1.27e-06 || 12.8 |  84.1 |  3.1 |   34.46 |   11.49 |  1426.16 ||   335.10 | 00h12'03
   2.00 | 1.14e+08 |      174 |      100 | 1.48e-09 | 8.74e-07 || 12.8 |  84.1 |  3.1 |   34.53 |   11.51 |  1423.65 ||   335.40 | 00h17'28
#  2.10 | 2.05e+08 |      172 |      100 | 8.21e-10 | 4.89e-07 || 12.9 |  84.1 |  3.1 |   34.53 |   11.51 |  1423.40 ||   335.24 | 00h31'14
#  2.20 | 3.16e+08 |      157 |      100 | 4.85e-10 | 3.17e-07 || 12.8 |  84.1 |  3.1 |   34.49 |   11.50 |  1424.92 ||   335.38 | 00h48'13
#  2.30 | 4.41e+08 |      166 |      100 | 3.68e-10 | 2.27e-07 || 12.8 |  84.1 |  3.1 |   34.58 |   11.53 |  1421.25 ||   335.56 | 01h07'16
#  2.40 | 7.66e+08 |      183 |      100 | 2.33e-10 | 1.31e-07 || 12.8 |  84.2 |  3.1 |   34.40 |   11.47 |  1428.77 ||   334.96 | 01h57'01
#  2.50 | 9.65e+08 |      154 |      100 | 1.56e-10 | 1.04e-07 || 12.8 |  84.1 |  3.1 |   34.52 |   11.51 |  1423.98 ||   335.37 | 02h27'17


"int-8 Q_{6,3}"
# ------|----------|----------|----------|----------|----------||------|-------|------|---------|---------|----------||----------|----------
#   SNR |      FRA |       BE |       FE |      BER |      FER ||   LD |   DEC |   ST |    CTHR |    ITHR |  LATENCY || SIM_CTHR |    ET/RT 
#  (dB) |          |          |          |          |          ||  (%) |   (%) |  (%) |  (Mb/s) |  (Mb/s) |     (us) ||   (Mb/s) | (hhmmss) 
# ------|----------|----------|----------|----------|----------||------|-------|------|---------|---------|----------||----------|----------
   0.00 |      448 |    65901 |      439 | 1.44e-01 | 9.80e-01 || 13.7 |  83.4 |  2.9 |   44.64 |   14.88 |  1101.17 ||    56.76 | 00h00'00
   0.10 |      416 |    51610 |      402 | 1.21e-01 | 9.66e-01 || 13.7 |  83.3 |  3.0 |   48.24 |   16.08 |  1018.81 ||   161.00 | 00h00'00
   0.20 |      432 |    44650 |      376 | 1.01e-01 | 8.70e-01 || 13.5 |  83.6 |  2.9 |   50.79 |   16.93 |   967.77 ||   169.16 | 00h00'00
   0.30 |      576 |    46060 |      441 | 7.81e-02 | 7.66e-01 || 13.6 |  83.5 |  2.9 |   41.62 |   13.87 |  1181.09 ||   191.35 | 00h00'00
   0.40 |      576 |    30747 |      361 | 5.21e-02 | 6.27e-01 || 13.6 |  83.5 |  2.9 |   44.04 |   14.68 |  1116.20 ||   179.05 | 00h00'00
   0.50 |      544 |    17358 |      254 | 3.12e-02 | 4.67e-01 || 13.8 |  83.2 |  3.0 |   52.34 |   17.45 |   939.02 ||   165.64 | 00h00'00
   0.60 |      832 |    14597 |      237 | 1.71e-02 | 2.85e-01 || 12.8 |  84.4 |  2.7 |   41.33 |   13.78 |  1189.30 ||   224.07 | 00h00'00
   0.70 |      992 |     7906 |      157 | 7.78e-03 | 1.58e-01 || 13.9 |  83.1 |  3.0 |   43.56 |   14.52 |  1128.44 ||   229.30 | 00h00'00
   0.80 |     1728 |     6490 |      123 | 3.67e-03 | 7.12e-02 || 13.6 |  83.4 |  3.0 |   42.49 |   14.16 |  1156.74 ||   244.94 | 00h00'00
   0.90 |     4656 |     4572 |      111 | 9.59e-04 | 2.38e-02 || 12.5 |  84.7 |  2.8 |   37.12 |   12.37 |  1324.11 ||   297.43 | 00h00'00
   1.00 |    13552 |     3781 |      105 | 2.72e-04 | 7.75e-03 || 13.7 |  83.3 |  3.0 |   36.02 |   12.01 |  1364.74 ||   316.61 | 00h00'00
   1.10 |    52160 |     3105 |      100 | 5.81e-05 | 1.92e-03 || 13.6 |  83.4 |  3.1 |   35.80 |   11.93 |  1373.07 ||   327.67 | 00h00'00
   1.20 |   227088 |     2808 |      100 | 1.21e-05 | 4.40e-04 || 13.3 |  83.6 |  3.1 |   34.72 |   11.57 |  1415.65 ||   332.63 | 00h00'02
   1.30 |   934032 |     2124 |      100 | 2.22e-06 | 1.07e-04 || 13.3 |  83.6 |  3.1 |   34.63 |   11.54 |  1419.27 ||   334.27 | 00h00'08
   1.40 |  5505040 |      966 |      100 | 1.71e-07 | 1.82e-05 || 13.4 |  83.5 |  3.1 |   34.66 |   11.55 |  1418.20 ||   333.74 | 00h00'50
   1.50 | 12224544 |      501 |      100 | 4.00e-08 | 8.18e-06 || 13.3 |  83.7 |  3.1 |   34.50 |   11.50 |  1424.56 ||   334.10 | 00h01'52
   1.60 | 19597520 |      239 |      100 | 1.19e-08 | 5.10e-06 || 13.3 |  83.6 |  3.1 |   34.72 |   11.57 |  1415.79 ||   334.93 | 00h02'59
   1.70 | 35394656 |      204 |      100 | 5.63e-09 | 2.83e-06 || 13.2 |  83.7 |  3.1 |   34.41 |   11.47 |  1428.50 ||   333.67 | 00h05'25
   1.80 | 45735824 |      185 |      100 | 3.95e-09 | 2.19e-06 || 13.3 |  83.6 |  3.1 |   34.65 |   11.55 |  1418.56 ||   334.55 | 00h06'59
   1.90 | 78182960 |      195 |      100 | 2.44e-09 | 1.28e-06 || 13.3 |  83.7 |  3.1 |   34.45 |   11.48 |  1426.68 ||   333.75 | 00h11'59
   2.00 | 1.25e+08 |      203 |      100 | 1.59e-09 | 8.01e-07 || 13.3 |  83.6 |  3.1 |   34.51 |   11.50 |  1424.41 ||   334.04 | 00h19'08
   2.10 | 2.04e+08 |      185 |      100 | 8.85e-10 | 4.90e-07 || 13.3 |  83.6 |  3.1 |   34.52 |   11.51 |  1423.70 ||   333.98 | 00h31'17
   2.20 | 2.45e+08 |      166 |      100 | 6.63e-10 | 4.09e-07 || 13.2 |  83.7 |  3.1 |   34.39 |   11.46 |  1429.14 ||   333.87 | 00h37'30
   2.30 | 4.17e+08 |      167 |      100 | 3.91e-10 | 2.40e-07 || 13.4 |  83.5 |  3.1 |   34.74 |   11.58 |  1414.76 ||   334.72 | 01h03'51
   2.40 | 6.47e+08 |      167 |      100 | 2.52e-10 | 1.54e-07 || 13.3 |  83.6 |  3.1 |   34.58 |   11.53 |  1421.27 ||   334.10 | 01h39'13
   2.50 | 1.01e+09 |      160 |      100 | 1.55e-10 | 9.94e-08 || 13.3 |  83.6 |  3.1 |   34.61 |   11.54 |  1420.16 ||   334.28 | 02h34'06
